spawn:
  world: reg_room
  x: 0.6203176590826747
  y: 3.0
  z: -0.46346591905186857
  yaw: 0.7838699
  pitch: -0.2718316
firstspawn:
  world: reg_room
  x: 0.6203176590826747
  y: 3.0
  z: -0.46346591905186857
  yaw: 0.7838699
  pitch: -0.2718316
