world: 927125ac-e0b1-4843-bd7b-fa522d36e452
world-name: arena
x: 0.5118870472833449
y: 65.0
z: 0.6297996254236966
yaw: -90.55001831054688
pitch: -2.795881748199463
name: arena
lastowner: 8a0e6f84-45ae-34b8-a58a-ec45b93ca0b2
