world: fce249b0-3e33-4f44-a9b9-ba61749e0ab0
world-name: surv
x: 161.61566856341582
y: 69.37254795596608
z: 301.4622349473436
yaw: 88.95046997070312
pitch: -0.1499694138765335
name: shop
lastowner: 298ffee5-4512-3553-b447-2c2f9251b29c
