world: 3a3a62d5-789a-4c88-9319-55034a22ac5c
world-name: world
x: 0.47503660830621297
y: 43.0
z: 14.622723839508406
yaw: 179.73513793945312
pitch: 0.34309595823287964
name: spawn
lastowner: 298ffee5-4512-3553-b447-2c2f9251b29c
