world: fce249b0-3e33-4f44-a9b9-ba61749e0ab0
world-name: surv
x: 176.5218649310101
y: 71.71372056784142
z: 256.26873287641394
yaw: -0.6000087857246399
pitch: -1.9500070810317993
name: surv
lastowner: 298ffee5-4512-3553-b447-2c2f9251b29c
